1 2
2 3
1 3
2 4
1 2
1 4
1 2
1 2
5 6
1 8
5 6
9 10
9 11
9 12
10 11
10 12
11 12
3 10
10 13
3 13
14 15
15 17
15 18
14 15
17 18
14 17
14 18
2 8
8 19
2 19
12 20
14 15
14 21
15 21
15 22
17 22
18 22
15 17
15 18
17 18
15 17
15 22
15 18
17 22
17 18
18 22
5 6
23 24
23 25
23 26
23 27
24 25
24 26
24 27
25 26
25 27
26 27
28 29
24 28
26 28
24 29
26 29
24 26
25 30
24 25
25 29
25 26
24 30
29 30
26 30
24 29
24 26
26 29
7 31
7 32
31 32
14 15
14 18
14 17
15 18
15 17
17 18
5 6
7 33
7 34
33 34
12 35
11 35
11 12
14 15
15 22
15 18
15 17
14 22
14 18
14 17
18 22
17 22
17 18
7 33
7 34
33 34
7 33
33 34
7 34
11 12
11 36
12 36
12 37
12 37
12 38
37 38
5 37
5 37
14 15
15 17
15 18
14 17
14 18
17 18
12 20
28 29
24 28
24 29
11 12
2 19
37 39
14 15
11 12
5 12
5 11
12 38
12 38
5 37
12 37
5 12
40 41
14 42
12 38
12 38
12 37
37 38
31 43
42 43
31 42
40 41
14 42
42 45
31 46
31 47
46 47
31 32
5 37
12 37
5 12
31 46
12 38
48 49
41 51
41 52
41 53
51 52
51 53
52 53
41 51
31 54
46 54
31 46
40 41
41 51
41 52
41 53
51 52
51 53
52 53
40 41
48 49
55 56
55 57
56 57
58 59
57 58
57 59
58 60
58 59
57 58
59 60
57 60
57 59
58 60
58 59
57 58
59 60
57 60
57 59
57 58
55 56
55 57
56 57
57 61
62 63
57 62
57 63
55 56
55 57
56 57
56 57
64 65
64 66
64 67
64 68
64 69
65 66
65 67
65 68
65 69
66 67
66 68
66 69
67 68
67 69
68 69
70 71
70 72
70 73
71 72
71 73
72 73
66 74
66 69
66 75
66 76
66 77
69 74
74 75
74 76
74 77
69 75
69 76
69 77
75 76
75 77
76 77
66 78
68 78
69 78
78 79
75 78
66 68
66 69
66 79
66 75
68 69
68 79
68 75
69 79
69 75
75 79
80 81
80 82
81 82
83 84
79 83
83 85
83 86
83 87
79 84
84 85
84 86
84 87
79 85
79 86
79 87
85 86
85 87
86 87
70 88
88 89
72 88
88 90
84 88
70 89
70 72
70 90
70 84
72 89
89 90
84 89
72 90
72 84
84 90
91 92
91 93
91 94
91 95
91 96
91 97
92 93
92 94
92 95
92 96
92 97
93 94
93 95
93 96
93 97
94 95
94 96
94 97
95 96
95 97
96 97
91 98
91 99
91 100
91 101
91 97
91 95
91 94
98 99
98 100
98 101
97 98
95 98
94 98
99 100
99 101
97 99
95 99
94 99
100 101
97 100
95 100
94 100
97 101
95 101
94 101
95 97
94 97
94 95
90 102
102 103
102 104
79 102
90 103
90 104
79 90
103 104
79 103
79 104
73 84
73 105
73 104
73 79
84 105
84 104
79 84
104 105
79 105
79 104
72 106
84 107
79 107
85 107
86 107
89 107
70 107
79 84
84 85
84 86
84 89
70 84
79 85
79 86
79 89
70 79
85 86
85 89
70 85
86 89
70 86
70 89
90 108
84 108
66 108
84 90
66 90
66 84
70 109
70 84
84 109
110 111
84 110
84 111
73 84
73 104
68 73
73 112
84 104
68 84
84 112
68 104
104 112
68 112
91 99
84 99
94 99
95 99
96 99
97 99
84 91
91 94
91 95
91 96
91 97
84 94
84 95
84 96
84 97
94 95
94 96
94 97
95 96
95 97
96 97
73 84
73 79
73 85
73 103
73 104
79 84
84 85
84 103
84 104
79 85
79 103
79 104
85 103
85 104
103 104
84 113
103 113
79 113
85 113
113 114
84 103
79 84
84 85
84 114
79 103
85 103
103 114
79 85
79 114
85 114
66 115
66 75
66 69
66 77
75 115
69 115
77 115
69 75
75 77
69 77
66 78
66 69
66 116
66 75
66 77
69 78
78 116
75 78
77 78
69 116
69 75
69 77
75 116
77 116
75 77
73 84
73 114
73 79
73 104
73 85
84 114
79 84
84 104
84 85
79 114
104 114
85 114
79 104
79 85
85 104
72 117
85 117
79 117
72 85
72 79
79 85
84 118
89 118
79 118
85 118
104 118
118 119
84 89
79 84
84 85
84 104
84 119
79 89
85 89
89 104
89 119
79 85
79 104
79 119
85 104
85 119
104 119
66 120
66 116
66 121
66 69
66 75
66 77
116 120
120 121
69 120
75 120
77 120
116 121
69 116
75 116
77 116
69 121
75 121
77 121
69 75
69 77
75 77
90 102
85 90
90 114
90 122
90 104
79 90
85 102
102 114
102 122
102 104
79 102
85 114
85 122
85 104
79 85
114 122
104 114
79 114
104 122
79 122
79 104
84 123
72 123
89 123
70 123
66 123
72 84
84 89
70 84
66 84
72 89
70 72
66 72
70 89
66 89
66 70
83 124
84 124
83 84
84 125
70 125
70 84
84 126
126 127
90 126
84 127
84 90
90 127
72 88
72 128
72 129
88 128
88 129
128 129
66 130
66 69
66 75
66 67
66 77
69 130
75 130
67 130
77 130
69 75
67 69
69 77
67 75
75 77
67 77
90 131
72 131
104 131
131 132
72 90
90 104
90 132
72 104
72 132
104 132
72 128
72 106
72 104
72 133
72 134
106 128
104 128
128 133
128 134
104 106
106 133
106 134
104 133
104 134
133 134
131 135
90 131
90 135
72 136
90 136
84 136
104 136
72 90
72 84
72 104
84 90
90 104
84 104
91 97
90 91
84 91
91 95
91 119
91 137
90 97
84 97
95 97
97 119
97 137
84 90
90 95
90 119
90 137
84 95
84 119
84 137
95 119
95 137
119 137
66 138
66 69
66 75
66 139
66 67
66 77
69 138
75 138
138 139
67 138
77 138
69 75
69 139
67 69
69 77
75 139
67 75
75 77
67 139
77 139
67 77
73 140
84 140
73 84
90 141
141 142
66 141
90 142
66 90
66 142
73 143
73 84
84 143
70 88
88 128
66 88
70 128
66 70
66 128
84 144
144 145
104 144
84 145
84 104
104 145
84 146
66 77
66 147
66 116
77 147
77 116
116 147
66 138
66 67
66 77
66 69
66 139
66 75
67 138
77 138
69 138
138 139
75 138
67 77
67 69
67 139
67 75
69 77
77 139
75 77
69 139
69 75
75 139
148 149
148 150
148 151
149 150
149 151
150 151
84 150
73 150
73 84
72 84
72 90
72 104
72 152
72 128
84 90
84 104
84 152
84 128
90 104
90 152
90 128
104 152
104 128
128 152
90 102
72 90
90 133
90 104
72 102
102 133
102 104
72 133
72 104
104 133
90 153
153 154
153 155
90 154
90 155
154 155
84 156
90 131
72 131
84 131
104 131
72 90
84 90
90 104
72 84
72 104
84 104
84 156
72 156
90 156
104 156
156 157
72 84
84 90
84 104
84 157
72 90
72 104
72 157
90 104
90 157
104 157
66 147
66 116
66 77
116 147
77 147
77 116
72 117
84 117
72 84
142 148
90 148
90 142
90 158
89 158
89 90
84 159
159 160
84 160
83 84
83 160
84 160
102 149
72 88
70 88
88 160
70 72
72 160
70 160
148 161
90 161
142 161
90 148
142 148
90 142
84 126
89 126
84 89
90 148
148 161
142 148
148 162
148 163
104 148
90 161
90 142
90 162
90 163
90 104
142 161
161 162
161 163
104 161
142 162
142 163
104 142
162 163
104 162
104 163
104 164
151 164
149 164
164 165
104 151
104 149
104 165
149 151
151 165
149 165
84 166
90 141
89 117
72 117
72 89
84 109
90 109
84 90
117 167
72 117
72 167
89 90
70 168
70 151
70 149
70 169
70 89
70 170
151 168
149 168
168 169
89 168
168 170
149 151
151 169
89 151
151 170
149 169
89 149
149 170
89 169
169 170
89 170
90 168
84 168
72 168
104 168
84 90
72 90
90 104
72 84
84 104
72 104
90 128
89 171
89 172
171 172
70 128
70 172
128 172
72 173
90 173
84 173
72 90
72 84
84 90
84 107
107 128
84 128
90 174
89 90
72 90
89 174
72 174
72 89
72 104
72 117
84 117
90 117
72 84
72 90
84 90
90 175
128 175
90 128
149 171
149 176
133 149
134 149
171 176
133 171
134 171
133 176
134 176
133 134
151 168
133 168
168 177
133 151
151 177
133 177
89 151
151 156
149 151
133 151
104 151
134 151
89 156
89 149
89 133
89 104
89 134
149 156
133 156
104 156
134 156
133 149
104 149
134 149
104 133
133 134
104 134
162 168
133 162
134 162
104 162
133 168
134 168
104 168
133 134
104 133
104 134
178 179
178 180
178 181
179 180
179 181
180 181
149 160
89 160
160 169
70 160
160 182
89 149
149 169
70 149
149 182
89 169
70 89
89 182
70 169
169 182
70 182
160 183
169 184
151 184
151 169
169 185
131 149
70 151
186 187
186 188
187 188
151 159
149 159
89 159
159 169
149 151
89 151
151 169
89 149
149 169
89 169
149 151
89 149
149 169
131 149
89 151
151 169
131 151
89 169
89 131
131 169
133 169
151 169
149 169
104 169
134 169
133 151
133 149
104 133
133 134
149 151
104 151
134 151
104 149
134 149
104 134
168 169
169 177
151 169
149 169
168 177
151 168
149 168
151 177
149 177
149 151
169 170
169 178
133 169
134 169
170 178
133 170
134 170
133 178
134 178
133 134
89 133
89 189
89 104
89 134
133 189
104 133
133 134
104 189
134 189
104 134
151 190
134 149
149 191
134 191
151 192
131 151
156 170
90 142
90 194
142 194
89 149
149 156
149 169
149 162
133 149
104 149
134 149
89 156
89 169
89 162
89 133
89 104
89 134
156 169
156 162
133 156
104 156
134 156
162 169
133 169
104 169
134 169
133 162
104 162
134 162
104 133
133 134
104 134
104 149
134 149
104 134
89 162
169 170
169 195
170 195
194 196
194 197
196 197
133 151
151 198
151 187
134 151
133 198
133 187
133 134
187 198
134 198
134 187
160 199
133 160
131 160
134 160
155 160
133 199
131 199
134 199
155 199
131 133
133 134
133 155
131 134
131 155
134 155
104 149
149 170
149 200
129 149
149 177
104 170
104 200
104 129
104 177
170 200
129 170
170 177
129 200
177 200
129 177
133 151
151 178
151 170
133 178
133 170
170 178
133 160
104 160
160 170
104 133
133 170
104 170
151 170
151 191
170 191
149 156
156 170
156 191
149 170
149 191
170 191
160 169
169 170
169 191
160 170
160 191
170 191
89 160
89 170
89 191
160 170
160 191
170 191
89 160
192 201
149 201
169 201
194 196
133 160
160 170
160 194
133 170
133 194
170 194
104 149
133 149
104 133
151 202
149 203
149 169
169 203
160 204
149 178
149 170
149 169
170 205
170 206
205 206
70 160
70 178
160 178
131 160
169 193
169 170
170 193
192 207
187 207
194 207
187 192
192 194
187 194
187 208
194 208
178 208
170 208
187 194
178 187
170 187
178 194
170 194
170 178
89 194
104 160
133 209
194 196
89 194
194 210
89 196
196 210
89 210
89 211
89 212
212 213
198 212
212 214
212 215
212 216
212 217
214 215
214 216
214 217
215 216
215 217
216 217
160 192
149 202
104 160
133 209
151 218
149 194
149 151
151 194
151 198
151 219
89 220
89 194
194 220
221 222
89 221
194 221
89 222
194 222
89 194
151 223
160 192
224 225
223 226
227 228
151 192
151 223
104 151
192 223
104 192
104 223
223 224
151 223
151 224
160 192
192 229
160 229
230 231
133 230
227 230
230 232
133 231
227 231
231 232
133 227
133 232
227 232
232 233
133 192
232 233
232 234
233 234
160 227
227 231
227 232
160 231
160 232
231 232
133 209
133 235
133 236
133 237
209 235
209 236
209 237
235 236
235 237
236 237
133 237
238 239
240 241
239 240
239 241
242 243
242 244
239 242
243 244
239 243
239 244
238 245
238 239
239 245
246 247
239 246
239 247
248 249
239 248
239 249
240 241
239 240
239 241
250 251
250 252
250 253
251 252
251 253
252 253
242 254
239 242
239 254
255 256
239 255
239 256
249 257
239 257
239 249
240 241
239 240
239 241
238 258
238 239
239 258
259 260
239 259
239 260
239 242
242 243
242 244
239 242
243 244
239 243
239 244
238 239
239 242
241 242
239 242
239 241
238 245
238 239
239 245
238 258
238 239
239 258
240 241
239 240
239 241
259 260
239 259
239 260
238 239
239 240
248 249
239 248
239 249
238 239
259 260
239 259
239 260
240 248
239 240
239 248
249 261
249 256
249 262
239 249
256 261
261 262
239 261
256 262
239 256
239 262
239 242
238 246
238 239
239 246
239 263
258 264
239 258
239 264
239 242
246 265
239 246
239 265
239 249
240 241
239 240
239 241
238 239
249 266
266 267
239 266
249 267
239 249
239 267
249 268
256 268
262 268
239 268
268 269
249 256
249 262
239 249
249 269
256 262
239 256
256 269
239 262
262 269
239 269
241 242
239 242
239 241
239 259
241 270
239 270
239 241
255 256
239 255
239 256
241 248
239 248
239 241
240 241
239 240
239 241
239 249
242 255
239 255
239 242
239 242
238 239
239 263
238 246
238 239
239 246
239 242
239 242
241 248
239 248
239 241
241 270
239 270
239 241
240 241
239 240
239 241
239 249
242 255
239 255
239 242
240 248
239 240
239 248
239 242
240 241
239 240
239 241
239 259
240 241
239 240
239 241
241 242
239 242
239 241
242 263
239 242
239 263
239 242
245 258
239 258
239 245
239 249
239 249
249 271
239 249
239 271
239 246
239 249
249 256
249 262
239 256
239 262
256 262
246 248
239 248
239 246
240 241
239 240
239 241
238 246
238 239
239 246
246 265
239 246
239 265
249 261
256 261
261 262
239 261
249 256
249 262
239 249
256 262
239 256
239 262
241 258
239 258
239 241
239 249
239 242
242 263
239 242
239 263
246 247
239 246
239 247
249 271
239 249
239 271
239 249
249 256
249 262
239 256
239 262
256 262
258 264
239 258
239 264
246 248
239 248
239 246
239 242
239 249
249 261
249 256
249 262
239 249
256 261
261 262
239 261
256 262
239 256
239 262
239 258
239 249
272 273
272 274
272 275
273 274
273 275
274 275
276 277
239 276
276 278
276 279
276 280
239 277
277 278
277 279
277 280
239 278
239 279
239 280
278 279
278 280
279 280
241 242
239 242
239 241
239 249
239 246
239 249
239 258
246 248
239 248
239 246
240 241
239 240
239 241
239 281
239 263
239 249
245 258
239 258
239 245
239 246
282 283
282 284
282 285
282 286
283 284
283 285
283 286
284 285
284 286
285 286
239 263
239 263
239 258
287 288
239 287
239 288
239 263
239 258
239 258
239 249
239 249
239 249
239 263
239 281
241 258
239 258
239 241
239 263
239 263
272 289
272 273
272 275
273 289
275 289
273 275
264 290
273 290
264 273
264 291
239 264
256 281
239 281
239 256
264 291
239 264
264 291
264 291
273 290
264 273
264 290
264 292
292 293
273 292
264 293
264 273
273 293
264 273
264 290
273 290
264 273
264 290
273 290
264 273
264 292
292 293
273 292
264 293
264 273
273 293
273 290
264 273
264 290
264 290
273 290
264 273
295 296
295 297
295 298
295 299
295 300
295 301
296 297
296 298
296 299
296 300
296 301
297 298
297 299
297 300
297 301
298 299
298 300
298 301
299 300
299 301
300 301
296 302
300 302
298 302
297 302
301 302
299 302
302 303
296 300
296 298
296 297
296 301
296 299
296 303
298 300
297 300
300 301
299 300
300 303
297 298
298 301
298 299
298 303
297 301
297 299
297 303
299 301
301 303
299 303
301 304
296 301
300 301
299 301
298 301
297 301
301 305
301 306
301 303
301 307
296 304
300 304
299 304
298 304
297 304
304 305
304 306
303 304
304 307
296 300
296 299
296 298
296 297
296 305
296 306
296 303
296 307
299 300
298 300
297 300
300 305
300 306
300 303
300 307
298 299
297 299
299 305
299 306
299 303
299 307
297 298
298 305
298 306
298 303
298 307
297 305
297 306
297 303
297 307
305 306
303 305
305 307
303 306
306 307
303 307
296 302
300 302
298 302
297 302
301 302
299 302
302 303
296 300
296 298
296 297
296 301
296 299
296 303
298 300
297 300
300 301
299 300
300 303
297 298
298 301
298 299
298 303
297 301
297 299
297 303
299 301
301 303
299 303
302 307
296 307
298 307
301 307
300 307
299 307
297 307
303 307
296 302
298 302
301 302
300 302
299 302
297 302
302 303
296 298
296 301
296 300
296 299
296 297
296 303
298 301
298 300
298 299
297 298
298 303
300 301
299 301
297 301
301 303
299 300
297 300
300 303
297 299
299 303
297 303
308 309
296 308
296 309
310 311
310 312
310 313
308 310
311 312
311 313
308 311
312 313
308 312
308 313
296 303
296 314
296 298
296 299
296 300
296 315
303 314
298 303
299 303
300 303
303 315
298 314
299 314
300 314
314 315
298 299
298 300
298 315
299 300
299 315
300 315
296 316
296 314
296 317
296 303
296 298
296 299
296 300
296 301
296 297
314 317
303 314
298 314
299 314
300 314
301 314
297 314
303 317
298 317
299 317
300 317
301 317
297 317
298 303
299 303
300 303
301 303
297 303
298 299
298 300
298 301
297 298
299 300
299 301
297 299
300 301
297 300
297 301
301 303
296 301
301 314
300 301
298 301
299 301
296 303
303 314
300 303
298 303
299 303
296 314
296 300
296 298
296 299
300 314
298 314
299 314
298 300
299 300
298 299
296 316
318 319
318 320
319 320
318 320
320 321
318 321
310 311
310 312
310 313
308 310
311 312
311 313
308 311
312 313
308 312
308 313
310 311
310 313
308 310
310 312
311 313
308 311
311 312
308 313
312 313
308 312
322 323
322 324
308 322
322 325
323 324
308 323
323 325
308 324
324 325
308 325
318 326
326 327
318 327
318 319
318 320
319 320
318 327
326 327
318 326
318 320
320 326
320 321
318 326
318 321
321 326
318 327
318 326
326 327
318 326
318 327
318 328
318 329
326 327
326 328
326 329
327 328
327 329
328 329
318 326
318 326
318 326
318 330
326 330
318 326
318 330
318 326
326 330
331 332
331 332
333 334
333 335
333 336
334 335
334 336
335 336
331 337
331 338
331 339
337 338
337 339
338 339
338 340
339 340
338 339
341 342
341 343
342 343
344 345
331 344
331 346
331 347
331 348
331 338
331 349
331 339
344 346
344 347
344 348
338 344
344 349
339 344
346 347
346 348
338 346
346 349
339 346
347 348
338 347
347 349
339 347
338 348
348 349
339 348
338 349
338 339
339 349
341 342
342 350
342 350
352 353
352 354
353 354
355 356
355 357
355 358
356 357
356 358
357 358
355 356
355 358
355 359
356 358
356 359
358 359
344 360
360 361
355 360
358 362
358 363
362 363
365 366
364 367
360 361
360 368
360 369
360 370
361 368
361 369
361 370
368 369
368 370
369 370
358 362
358 363
362 363
354 372
354 373
372 373
365 366
365 366
375 376
377 378
377 379
378 379
378 380
379 380
378 379
378 381
379 381
378 379
382 383
382 384
382 385
383 384
383 385
384 385
378 386
379 386
378 379
387 388
383 387
383 388
378 386
379 386
378 379
375 383
375 384
375 385
383 384
383 385
384 385
378 389
379 389
378 379
390 391
390 392
390 393
376 390
390 394
391 392
391 393
376 391
391 394
392 393
376 392
392 394
376 393
393 394
376 394
378 395
379 395
378 379
378 396
379 396
378 379
397 398
397 399
398 399
378 386
379 386
378 379
376 400
378 386
379 386
378 379
395 401
378 395
395 402
378 401
401 402
378 402
378 386
379 386
380 386
378 379
378 380
379 380
378 380
379 380
380 386
378 379
378 386
379 386
378 389
379 389
378 379
378 403
379 403
386 403
403 404
378 379
378 386
378 404
379 386
379 404
386 404
378 386
379 386
378 379
405 406
383 405
405 407
383 406
406 407
383 407
375 376
377 378
377 379
378 379
378 408
379 408
378 379
383 409
376 400
397 398
397 410
398 410
376 400
405 411
383 411
407 411
383 405
405 407
383 407
398 412
383 413
383 405
405 413
397 398
398 410
397 410
397 398
397 414
398 414
375 415
375 376
376 415
398 416
398 410
410 416
417 418
398 419
383 420
420 421
383 421
383 409
409 422
409 413
383 422
383 413
413 422
375 415
375 376
376 415
398 423
414 423
398 414
407 424
383 407
383 424
383 425
426 427
426 428
426 429
428 429
426 430
426 431
430 431
426 432
433 434
433 435
434 435
435 436
426 436
426 435
433 435
435 437
433 437
433 435
438 439
443 444
443 444
446 447
446 448
446 449
447 448
447 449
448 449
451 452
451 453
451 454
451 455
452 453
452 454
452 455
453 454
453 455
454 455
456 457
456 458
456 459
456 460
457 458
457 459
457 460
458 459
458 460
459 460
461 462
461 463
460 461
462 463
460 462
460 463
464 465
454 464
460 464
454 465
460 465
454 460
464 465
454 465
460 465
454 464
460 464
454 460
451 452
451 453
451 454
451 455
452 453
452 454
452 455
453 454
453 455
454 455
466 467
454 466
466 468
454 467
467 468
454 468
469 470
454 469
460 469
462 469
469 471
454 470
460 470
462 470
470 471
454 460
454 462
454 471
460 462
460 471
462 471
458 472
472 473
460 472
462 472
458 473
458 460
458 462
460 473
462 473
460 462
473 474
474 475
474 476
460 474
473 475
473 476
460 473
475 476
460 475
460 476
464 465
454 464
458 464
460 464
454 465
458 465
460 465
454 458
454 460
458 460
477 478
477 479
476 477
477 480
460 477
477 481
478 479
476 478
478 480
460 478
478 481
476 479
479 480
460 479
479 481
476 480
460 476
476 481
460 480
480 481
460 481
469 482
469 480
460 469
469 483
480 482
460 482
482 483
460 480
480 483
460 483
458 472
472 484
460 472
458 484
458 460
460 484
476 485
472 485
460 485
485 486
485 487
472 476
460 476
476 486
476 487
460 472
472 486
472 487
460 486
460 487
486 487
476 484
460 484
484 488
484 489
484 487
460 476
476 488
476 489
476 487
460 488
460 489
460 487
488 489
487 488
487 489
460 472
472 473
460 473
458 484
460 484
473 484
484 490
458 460
458 473
458 490
460 473
460 490
473 490
472 485
460 485
460 472
469 470
454 469
460 469
454 470
460 470
454 460
474 476
460 474
473 474
474 480
460 476
473 476
476 480
460 473
460 480
473 480
460 491
460 492
491 492
460 484
473 484
484 488
460 473
460 488
473 488
484 493
460 484
473 484
484 487
484 489
460 493
473 493
487 493
489 493
460 473
460 487
460 489
473 487
473 489
487 489
464 465
454 464
460 464
458 464
454 465
460 465
458 465
454 460
454 458
458 460
458 472
460 472
458 460
460 472
484 493
460 484
473 484
484 487
484 489
484 486
460 493
473 493
487 493
489 493
486 493
460 473
460 487
460 489
460 486
473 487
473 489
473 486
487 489
486 487
486 489
466 494
460 477
473 477
477 495
460 473
460 495
473 495
477 484
460 484
473 484
460 477
473 477
460 473
496 497
470 496
496 498
470 497
497 498
470 498
460 484
473 484
460 473
454 499
460 499
454 460
458 460
458 473
458 500
460 473
460 500
473 500
501 502
473 501
473 502
476 503
460 476
473 476
476 504
476 505
460 503
473 503
503 504
503 505
460 473
460 504
460 505
473 504
473 505
504 505
458 460
458 473
458 506
458 507
460 473
460 506
460 507
473 506
473 507
506 507
477 508
484 508
460 508
473 508
477 484
460 477
473 477
460 484
473 484
460 473
460 509
473 509
460 473
460 473
458 460
458 473
501 502
473 501
473 502
460 484
473 484
484 510
460 473
460 510
473 510
460 484
473 484
484 511
460 473
460 511
473 511
458 460
460 473
460 510
460 512
458 473
458 510
458 512
473 510
473 512
510 512
476 503
460 476
473 476
476 504
460 503
473 503
503 504
460 473
460 504
473 504
501 502
473 501
473 502
460 484
473 484
460 473
460 477
473 477
460 473
460 477
473 477
460 473
458 460
460 513
466 514
466 515
514 515
466 515
466 514
514 515
460 484
473 484
460 473
501 502
473 501
473 502
460 484
473 484
460 473
458 460
458 516
460 516
460 484
473 484
460 473
460 473
460 509
460 517
473 509
473 517
509 517
458 460
458 518
460 518
519 520
519 521
519 522
520 521
520 522
521 522
520 523
509 520
509 523
519 522
519 520
519 524
519 523
520 522
522 524
522 523
520 524
520 523
523 524
519 522
519 520
519 525
520 522
522 525
520 525